1599 899 0
1599 899 1
1599 899 2
1598 899 0
1598 899 1
1598 899 2
1597 899 0
1597 899 1
1597 899 2
1596 899 0
1596 899 1
1596 899 2
1595 899 0
1595 899 1
1595 899 2
1594 899 0
1594 899 1
1594 899 2
1593 899 0
1593 899 1
1593 899 2
1592 899 0
1592 899 1
1592 899 2
1591 899 0
1591 899 1
1591 899 2
1590 899 0
1590 899 1
1590 899 2
1589 899 0
1589 899 1
1589 899 2
1588 899 0
1588 899 1
1588 899 2
1587 899 0
1587 899 1
1587 899 2
1586 899 0
1586 899 1
1586 899 2
1585 899 0
1585 899 1
1585 899 2
1584 899 0
1584 899 1
1584 899 2
1583 899 0
1583 899 1
1583 899 2
1582 899 0
1582 899 1
1582 899 2
1581 899 0
1581 899 1
1581 899 2
1580 899 0
1580 899 1
1580 899 2
1579 899 0
1579 899 1
1579 899 2
1578 899 0
1578 899 1
1578 899 2
1577 899 0
1577 899 1
1577 899 2
1576 899 0
1576 899 1
1576 899 2
1575 899 0
1575 899 1
1575 899 2
1574 899 0
1574 899 1
1574 899 2
1573 899 0
1573 899 1
1573 899 2
1572 899 0
1572 899 1
1572 899 2
1571 899 0
1571 899 1
1571 899 2
1570 899 0
1570 899 1
1570 899 2
1569 899 0
1569 899 1
1569 899 2
1568 899 0
1568 899 1
1568 899 2
1567 899 0
1567 899 1
1567 899 2
1566 899 0
1566 899 1
1566 899 2
1565 899 0
1565 899 1
1565 899 2
1564 899 0
1564 899 1
1564 899 2
1563 899 0
1563 899 1
1563 899 2
1562 899 0
1562 899 1
1562 899 2
1561 899 0
1561 899 1
1561 899 2
1560 899 0
1560 899 1
1560 899 2
1559 899 0
1559 899 1
1559 899 2
1558 899 0
1558 899 1
1558 899 2
1557 899 0
1557 899 1
1557 899 2
1556 899 0
1556 899 1
1556 899 2
1555 899 0
1555 899 1
1555 899 2
1554 899 0
1554 899 1
1554 899 2
1553 899 0
1553 899 1
1553 899 2
1552 899 0
1552 899 1
1552 899 2
1551 899 0
1551 899 1
1551 899 2
1550 899 0
1550 899 1
1550 899 2
1549 899 0
1549 899 1
